132 294
132 274
134 252
138 226
144 210
158 196
174 186
192 184
216 184
236 182
260 182
288 182
312 184
334 180
360 180
386 180
414 180
440 180
466 182
494 182
522 182
550 182
574 182
596 184
616 184
640 186
662 190
682 198
704 206
720 212
736 222
752 230
764 240
770 246
774 338
766 348
750 358
734 370
720 380
704 386
686 394
666 400
642 404
616 404
590 406
568 410
542 408
518 410
492 410
456 410
428 412
396 412
370 410
342 412
314 410
284 408
254 408
226 406
206 406
178 404
158 392
142 374
134 354
130 326
