32 302
30 282
32 258
34 236
38 214
44 192
52 172
64 154
74 138
86 124
102 110
122 98
138 88
158 80
182 76
208 74
232 72
258 70
284 70
306 68
328 68
350 66
374 66
394 66
418 66
442 66
466 68
490 68
516 68
542 68
564 72
592 72
616 74
638 76
658 80
680 88
696 96
712 108
726 120
740 130
752 152
760 170
770 192
782 380
776 398
768 420
758 436
746 450
734 468
718 482
700 494
680 504
658 512
632 516
610 518
582 520
556 520
530 524
506 526
478 526
450 528
422 528
394 528
366 528
338 526
310 524
284 524
256 524
230 522
206 520
182 516
160 510
138 502
120 494
104 482
86 466
76 450
64 436
54 420
46 402
40 384
38 364
34 344
32 322
