192 304
192 290
198 272
2.120000e+02 262
226 256
242 254
264 256
284 254
304 254
324 254
342 254
360 256
382 254
4.020000e+02 254
4.240000e+02 252
446 252
470 252
496 252
516 250
540 252
562 250
582 252
604 254
626 252
648 254
670 256
694 258
716 258
734 262
752 268
766 280
774 286
774 310
764 316
750 3.220000e+02
734 330
718 338
698 344
674 350
648 3.540000e+02
624 358
602 360
572 358
544 356
518 358
4.900000e+02 358
458 356
426 356
400 3.540000e+02
376 3.540000e+02
342 352
310 3.540000e+02
280 352
254 350
228 3.480000e+02
2.120000e+02 340
196 326
