132 294
132 274
134 252
138 226
144 210
158 1.960000e+02
174 186
192 184
2.160000e+02 184
236 182
260 182
288 182
312 184
334 1.800000e+02
360 1.800000e+02
386 1.800000e+02
414 1.800000e+02
4.400000e+02 1.800000e+02
466 182
4.940000e+02 182
522 182
550 182
574 182
596 184
616 184
640 186
662 190
682 198
704 2.060000e+02
720 212
736 222
752 230
764 240
770 246
774 338
766 3.480000e+02
750 358
734 370
720 3.800000e+02
704 386
686 394
666 4.000000e+02
642 404
616 404
590 406
568 410
542 408
518 410
492 410
456 410
4.280000e+02 412
396 412
370 410
342 412
314 410
284 408
254 408
226 406
2.060000e+02 406
178 404
158 392
142 3.740000e+02
134 3.540000e+02
130 326
