3.200000e+01 3.020000e+02
3.000000e+01 282
3.200000e+01 258
3.400000e+01 236
3.800000e+01 214
4.400000e+01 192
5.200000e+01 172
6.400000e+01 154
7.400000e+01 138
8.600000e+01 124
1.020000e+02 110
1.220000e+02 98
138 88
158 80
182 76
2.080000e+02 74
232 72
258 70
284 70
306 68
328 68
350 66
374 66
394 66
418 66
442 66
466 68
4.900000e+02 68
516 68
542 68
564 72
592 72
616 74
638 76
658 80
680 88
696 96
712 108
726 120
740 130
752 152
760 1.700000e+02
770 192
782 3.800000e+02
776 398
768 420
758 436
746 450
734 468
718 482
700 494
680 5.040000e+02
658 512
632 516
610 518
582 520
556 520
530 524
506 526
4.780000e+02 526
450 528
422 528
394 528
366 528
338 526
310 524
284 524
256 524
230 522
2.060000e+02 520
182 516
160 510
138 502
1.200000e+02 494
1.040000e+02 482
8.600000e+01 466
7.600000e+01 450
6.400000e+01 436
5.400000e+01 420
4.600000e+01 402
4.000000e+01 384
3.800000e+01 364
3.400000e+01 344
3.200000e+01 3.220000e+02
