7.400000e+01 294
7.200000e+01 276
7.600000e+01 252
7.800000e+01 236
8.600000e+01 216
9.200000e+01 200
1.020000e+02 1.800000e+02
1.120000e+02 166
1.240000e+02 154
138 144
154 136
170 130
186 126
204 124
226 120
246 118
266 118
286 116
304 118
324 116
346 116
368 116
392 114
410 116
434 114
456 116
480 120
504 120
530 120
554 1.220000e+02
576 1.220000e+02
600 124
622 126
644 128
662 134
680 140
692 150
710 158
726 168
740 182
750 190
760 202
774 362
770 376
760 390
748 404
732 414
714 4.260000e+02
698 436
678 4.460000e+02
656 456
632 458
614 462
594 464
566 464
544 466
520 468
500 466
476 466
450 466
426 468
394 468
366 468
340 466
302 466
272 466
240 468
204 464
174 460
142 450
1.200000e+02 434
1.000000e+02 412
8.400000e+01 392
7.800000e+01 368
7.600000e+01 340
7.200000e+01 316
